100044	489	4.17
100556	1124	4.03
101962	1192	4.0
102666	736	4.05
1041	5851	4.05
104879	9541	4.04
105250	395	4.23
107412	384	4.03
1086	7252	4.03
1089	43730	4.09
109374	21554	4.03
109487	37157	4.13
111	36647	4.08
111130	166	4.04
112552	19477	4.15
1131	3524	4.1
1132	3233	4.06
1136	46508	4.14
114635	261	4.09
1147	3998	4.13
1148	17652	4.11
115122	4918	4.01
115969	129	4.05
116136	325	4.05
116897	2980	4.11
1172	10982	4.13
117444	1680	4.02
1178	5490	4.18
1189	3126	4.09
1193	44592	4.2
1196	72151	4.13
1197	46957	4.12
1198	67408	4.11
1199	18702	4.01
1200	38846	4.01
1201	22922	4.13
1203	21863	4.27
1204	15772	4.13
1207	18785	4.13
1208	32518	4.12
120807	678	4.1
1209	7227	4.11
1211	4387	4.01
1212	8823	4.18
1213	42003	4.19
1214	45211	4.07
1217	6350	4.14
1218	3132	4.02
1219	27027	4.06
1221	43111	4.26
1222	32501	4.05
1223	8854	4.04
1224	4819	4.1
1225	24986	4.07
1228	13049	4.04
123	3534	4.0
1230	19323	4.03
1232	3905	4.08
1233	15804	4.13
1234	18416	4.14
1236	1054	4.0
1237	6657	4.08
1244	10130	4.04
1247	22319	4.02
1248	5718	4.12
1250	14726	4.09
1251	4322	4.03
1252	20730	4.15
1254	6377	4.11
1256	6391	4.08
1258	38640	4.04
1260	5728	4.15
1262	13217	4.1
1264	2701	4.0
126430	839	4.0
1267	10028	4.09
1269	7650	4.02
127052	587	4.12
127180	129	4.1
1272	9065	4.02
1273	3267	4.0
1276	13466	4.09
1280	3664	4.12
1281	5484	4.03
1283	5840	4.03
1284	6665	4.15
1288	19492	4.01
1299	7712	4.07
1300	3690	4.01
1303	3918	4.0
1304	17587	4.04
130970	343	4.02
131724	1285	4.13
134130	28104	4.02
134252	154	4.0
134796	133	4.12
134849	406	4.05
135456	369	4.07
1358	14354	4.0
1361	1863	4.08
136445	191	4.03
136447	276	4.05
136449	967	4.03
136469	464	4.09
140265	247	4.02
142115	1061	4.25
142488	8867	4.07
143511	161	4.05
1446	2315	4.0
146028	256	4.04
146327	174	4.16
147250	180	4.12
147326	155	4.05
147328	198	4.05
147330	207	4.1
148626	14997	4.06
148667	679	4.03
148881	600	4.02
152970	3244	4.02
157373	330	4.18
158783	2710	4.1
159817	2948	4.44
160289	658	4.11
160718	1918	4.15
1617	32831	4.06
162	6363	4.0
163134	3764	4.14
163809	1397	4.26
164179	19742	4.05
165969	302	4.04
166024	3080	4.24
166291	893	4.02
167792	199	4.04
167832	1343	4.03
169252	201	4.0
169906	1137	4.13
170355	1481	4.13
1704	50824	4.09
170705	2811	4.43
170777	428	4.16
171011	1956	4.45
171495	615	4.33
171749	501	4.08
172587	166	4.01
173535	122	4.12
174703	101	4.1
176601	1027	4.2
177593	7586	4.0
177765	9638	4.02
178613	343	4.02
179135	1163	4.3
179173	257	4.06
182723	594	4.25
183423	530	4.04
183437	167	4.03
187531	478	4.03
188773	1346	4.02
1900	1046	4.0
1939	2222	4.08
193950	2049	4.03
1945	6982	4.11
1949	2374	4.1
1950	4151	4.03
195159	10434	4.19
196067	340	4.05
198185	1140	4.3
2019	16531	4.25
202439	11670	4.31
202749	1586	4.06
2028	58368	4.05
2066	1486	4.05
207313	10740	4.04
208703	6884	4.04
213	1994	4.02
2132	3721	4.03
214	1000	4.03
2186	6568	4.1
219994	1153	4.0
2203	2785	4.09
220528	449	4.29
2208	2760	4.05
225758	384	4.02
228099	922	4.18
231701	254	4.13
232	6295	4.03
2324	29819	4.15
2329	38967	4.13
2330	849	4.06
2351	1631	4.1
2357	2613	4.08
2360	3025	4.07
246	10852	4.02
252710	283	4.12
2542	24152	4.03
256567	112	4.0
2571	93808	4.16
260	85010	4.1
26003	591	4.07
26048	150	4.04
26073	142	4.11
26082	1270	4.19
26131	1883	4.06
26150	1320	4.03
261955	152	4.07
26366	279	4.04
26587	654	4.17
26662	6855	4.04
26699	388	4.08
26903	1745	4.01
270698	3989	4.05
27156	1727	4.03
2726	2876	4.01
2731	4201	4.09
27423	266	4.09
2762	57010	4.0
27773	17331	4.09
28	3310	4.04
283577	125	4.0
2843	1859	4.03
2858	65158	4.09
2859	2622	4.12
286897	1133	4.21
287699	1152	4.08
2905	1788	4.1
2920	1239	4.14
293	41846	4.09
2931	590	4.02
2935	1678	4.07
2936	1743	4.01
2937	994	4.04
2959	77332	4.23
296	98409	4.2
2973	4760	4.0
3000	17730	4.16
3022	3094	4.07
3030	5053	4.17
3035	2644	4.03
3038	777	4.03
306	8183	4.07
3077	1225	4.07
3089	4903	4.11
3090	1196	4.05
3091	1708	4.04
3134	1963	4.12
31364	2860	4.05
31410	7328	4.0
3147	38965	4.04
31545	360	4.06
31658	16009	4.11
318	102929	4.4
3196	3233	4.07
3224	1031	4.06
32460	1002	4.02
326	1497	4.08
32657	344	4.05
32853	166	4.05
3307	3995	4.1
3359	3371	4.0
3415	1266	4.02
3429	2791	4.09
3435	6586	4.18
3462	6051	4.08
3468	4997	4.07
3469	2230	4.05
3470	1294	4.03
3504	6985	4.01
356	100296	4.05
3629	2901	4.03
3677	2175	4.09
3681	6977	4.0
3730	5693	4.02
3801	2368	4.0
3811	1877	4.02
38159	485	4.01
3819	2152	4.06
3983	3164	4.03
4011	32509	4.07
4144	4146	4.05
4226	53658	4.14
4298	1135	4.02
4325	498	4.01
4427	1852	4.03
4432	1170	4.02
44555	12273	4.2
46855	604	4.01
47	63298	4.09
4806	255	4.0
48516	35236	4.13
48780	32965	4.12
4973	43459	4.08
4993	73122	4.09
50	67750	4.27
5008	2641	4.08
50658	513	4.02
50740	575	4.02
5147	2828	4.09
527	73849	4.24
5291	6039	4.11
53883	275	4.06
541	46289	4.11
5475	893	4.02
5498	678	4.07
55820	27384	4.05
5618	33333	4.21
56782	15494	4.03
5690	6817	4.1
5782	4835	4.05
58425	320	4.04
58559	59334	4.17
593	90330	4.15
5932	461	4.03
5952	67463	4.07
5971	13556	4.16
5995	22683	4.05
60069	39993	4.01
6016	25688	4.18
602	334	4.0
608	58031	4.12
6123	439	4.0
6350	7539	4.08
6433	859	4.02
65188	1312	4.09
6611	648	4.0
66371	1338	4.0
6643	1439	4.06
6650	1216	4.02
6669	2069	4.11
668	1074	4.09
670	879	4.1
678	2739	4.07
6783	1123	4.0
6787	6274	4.03
68157	34888	4.04
6818	1498	4.17
68237	15744	4.01
6896	352	4.07
6918	469	4.01
6985	1375	4.02
7099	7392	4.11
71033	3143	4.01
7153	67449	4.09
7156	3275	4.08
720	8612	4.09
7256	2851	4.03
7327	2694	4.08
7361	44430	4.07
7396	806	4.09
745	13944	4.1
74727	682	4.01
750	32830	4.2
7566	897	4.02
7587	1506	4.0
7700	1299	4.02
7766	1724	4.05
7767	600	4.01
778	35303	4.01
77846	1046	4.01
79132	57931	4.16
7926	1260	4.16
7938	659	4.01
800	7322	4.05
82	2555	4.01
8228	3323	4.01
8477	1532	4.02
8516	564	4.0
858	66440	4.32
8638	6417	4.0
8656	733	4.0
86781	2162	4.05
8684	677	4.07
8785	228	4.0
898	7445	4.13
899	12913	4.04
903	19529	4.12
904	24883	4.23
905	5074	4.11
906	2475	4.01
908	20093	4.19
909	6921	4.03
90947	319	4.0
910	13608	4.05
911	5117	4.03
912	32190	4.19
913	14190	4.15
916	7573	4.05
922	9072	4.2
92259	18416	4.12
923	22920	4.07
924	35934	4.0
92475	235	4.13
926	6068	4.16
928	5879	4.06
930	5962	4.15
93040	545	4.13
93988	463	4.01
942	3235	4.05
945	2308	4.03
947	2097	4.02
950	3837	4.14
951	4897	4.08
953	18374	4.04
954	6583	4.01
955	5210	4.01
96606	1393	4.07
96829	5009	4.09
969	11693	4.06
96966	273	4.02
97	3509	4.0
97673	236	4.02
98491	3725	4.11
99114	32043	4.03
994	5457	4.0
99764	706	4.07
